% This part is used for reduced dimension obsever design
A = [0 0 0 1 0 0;
        0 0 0 0 1 0;
        0 0 0 0 0 1;
        0 0 0 0 0 0;
        0 189.318 -116.932 0 0 0;
        0 -90.873 85.527 0 0 0];
B = [0 0 0 1 7.386 -0.545]';
C = [1 0 0 0 0 0;
        0 1 0 0 0 0;
        0 0 1 0 0 0];
D = [0 0 0]';

%get all the matrix needed
A11 = A(1:3,1:3);
A12 = A(1:3,4:6);
A21 = A(4:6,1:3);
A22 = A(4:6,4:6);

B1 = B(1:3);
B2 = B(4:6);

%由于这个矩阵的特殊性，F = -L，所以L矩阵可以直接指定
L = [3 0 0; 0 4 0; 0 0 5];

%计算得到降维观测器所需要的所有矩阵
F = A22 - L *  A12;
G = A21 - L *  A11 + F * L;
H = B2 - L * B1;
